8 4 6 3 2 1 10 11 15 16 12 14 5 9 13 7 
5 9 2 4 8 15 14 12 7 13 1 10 3 6 11 16 
1 15 14 12 8 13 10 3 5 9 16 2 6 11 4 7 
14 11 5 9 1 2 3 4 7 12 6 10 13 8 15 16 
6 5 14 11 15 10 3 4 7 13 9 1 2 8 12 16 
12 7 13 9 1 2 3 6 8 15 4 14 16 10 11 5 
9 2 3 5 10 4 8 16 15 14 11 6 12 13 1 7 
14 12 8 16 15 13 9 1 2 3 6 11 5 4 10 7 
13 9 2 3 5 10 4 8 15 14 11 7 6 12 1 16 
15 14 12 8 13 10 4 16 11 5 9 2 3 6 7 1 
8 15 16 13 12 6 11 14 7 4 10 9 5 3 1 2 
16 12 13 10 4 7 8 9 2 3 5 14 11 6 15 1 
15 2 4 7 14 11 6 12 8 16 13 10 3 9 5 1 
3 15 13 10 16 5 6 11 9 1 2 4 7 8 14 12 
7 13 9 1 2 3 5 10 4 8 15 6 12 16 14 11 
6 11 5 10 4 8 16 15 14 9 1 2 13 3 12 7 
13 10 4 7 3 6 11 5 9 2 8 16 15 1 12 14 
12 8 16 15 14 7 13 10 3 6 11 5 9 1 2 4 
7 13 9 1 2 3 5 4 8 16 15 14 11 10 6 12 
8 16 15 13 10 3 5 9 1 2 6 11 4 7 12 14 
11 5 10 3 9 1 2 4 7 13 8 15 6 12 14 16 
16 15 13 9 1 2 3 5 10 4 8 14 11 12 7 6 
9 6 12 7 14 5 10 4 13 11 2 3 8 16 15 1 
11 2 9 13 15 16 8 12 14 7 4 10 3 6 5 1
5 9 2 3 6 12 8 16 15 14 11 10 4 13 1 7 
13 10 4 8 15 14 11 6 12 3 5 9 2 16 1 7 
6 9 1 2 4 7 14 12 8 15 3 13 11 16 5 10 
3 5 9 1 2 4 8 16 15 13 6 12 7 14 10 11 
5 10 4 8 16 15 13 9 2 3 6 12 14 11 7 1 
1 2 4 8 15 13 10 7 14 12 9 16 3 6 11 5 
10 3 5 9 1 2 6 12 7 13 4 8 16 15 14 11 
6 12 8 16 15 14 11 7 13 10 3 5 9 2 4 1 
